NORMAL WEIGHTED SUM

>> with 0
cosine sim
1,2,5,10,20,40,100 - [8.1357651, 6.6386051, 5.8935413, 5.7441397, 5.7975049, 6.0235305, 6.5745406]

correlation
1,2,5,10,20,40,100 - [8.8180895, 7.4798045, 6.8685675, 6.8399868, 7.0051355, 7.3035302, 7.8099122]

adjusted cosine
1,2,5,10,20,40,100 - [8.44876, 7.0661335, 6.4013677, 6.3112111, 6.4184375, 6.6882725, 7.2654591]


>> without 0
cosine similarity
1,2,5,10,20,40,100 - [13.972705, 13.899226, 13.960968, 13.967505, 13.973282, 13.975165, 13.976145]

adjusted cosine similarity
1,2,5,10,20,40,100 - [13.994253, 13.934367, 13.977501, 13.98358, 13.984998, 13.987292, 13.963032]

correlation
1,2,5,10,20,40,100 - [14.00118, 13.940234, 13.974005, 13.975665, 13.978459, 13.978997, 13.971146]

------------------------------------------------------------------------------------------------------

IMPROVED WEIGHTED SUM

>> with 0
cosine sim
1,2,5,10,20,40,100 - [14.121981, 8.2656717, 3.6247051, 2.0964022, 1.4121273, 1.081684, 0.92806226]

correlation sim
1,2,5,10,20,40,100 - [14.121981, 8.9946499, 4.4146166, 2.6453211, 1.7057481, 1.2260265, 0.94282627]

adjusted cosine sim
1,2,5,10,20,40,100 - [14.121981, 9.6238394, 5.5026503, 3.5852559, 2.3546617, 1.5616635, 1.023649]


>> without 0
cosine sim
[14.121981, 13.980699, 13.876314, 13.644228, 13.283462, 12.746799, 11.660878]

correlation
[14.121981, 14.005144, 13.877441, 13.640882, 13.282589, 12.726215, 11.304907]

adjusted
[14.121981, 14.001275, 13.889908, 13.67878, 13.328528, 12.822703, 11.145013]
